Original: [4,6,3,5];
[100,3,450,34];
[0];
[876,34,76,345,7,345,234];
[45,3412,76,345,7,35,100]; Sorted: [[3,4,5,6],[3,34,100,450],[0],[7,34,76,234,345,345,876],[7,35,45,76,100,345,3412]]
Original: [4,6,3,5];
[100,3,450,34];
[0];
[876,34,76,345,7,345,234];
[45,3412,76,345,7,35,100]; Sorted: [[6,5,4,3],[450,100,34,3],[0],[876,345,345,234,76,34,7],[3412,345,100,76,45,35,7]]
Original: [4,6,3,5];
[100,3,450,34];
[0];
[876,34,76,345,7,345,234];
[45,3412,76,345,7,35,100]; Sorted: [[3,4,5,6],[450,100,34,3],[0],[876,345,345,234,76,34,7],[7,35,45,76,100,345,3412]]
Original: "[4,6,3,5];\r\n[100,3,450,34];\r\n[0];\r\n[876,34,76,345,7,345,234];\r\n[45,3412,76,345,7,35,100];"
 Sorted: [[3,4,5,6],[450,100,34,3],[0],[876,345,345,234,76,34,7],[7,35,45,76,100,345,3412]]
Original: "[4,6,3,5];\r\n[100,3,450,34];\r\n[0];\r\n[876,34,76,345,7,345,234];\r\n[45,3412,76,345,7,35,100];"
 Sorted: [[3,4,5,6],[450,100,34,3],[0],[876,345,345,234,76,34,7],[7,35,45,76,100,345,3412]]
Original: [4,6,3,5];
[100,3,450,34];
[0];
[876,34,76,345,7,345,234];
[45,3412,76,345,7,35,100];
 Sorted: [[3,4,5,6],[450,100,34,3],[0],[876,345,345,234,76,34,7],[7,35,45,76,100,345,3412]]
Original: [4,6,3,5];
[100,3,450,34];
[0];
[876,34,76,345,7,345,234];
[45,3412,76,345,7,35,100];
Sorted: [[3,4,5,6],[3,34,100,450],[0],[7,34,76,234,345,345,876],[7,35,45,76,100,345,3412]]
